[
  {
    "shelf": 0,
    "position": {"x": 0, "y": 0, "z": 0},
    "data": [
      [-1, 13, 2],
      [12, 8, 15],
      [9, 5, 6],
      [4, 14, 15],
      [9, 11, 1],
      [3, 7, -1]
    ]
  },
  {
    "shelf": 1,
    "position": {"x": 0, "y": 212, "z": 0},
    "data": [
      [15, 6, 13],
      [8, 2, 12],
      [15, -1, 5],
      [-1, 10, 10],
      [14, 1, 4],
      [3, 7, 11]
    ]
  },
  {
    "shelf": 2,
    "position": {"x": 0, "y": 424, "z": 0},
    "data": [
      [-1, 13, 15],
      [2, 8, 12],
      [10, 6, 9],
      [-1, 5, 15],
      [1, 14, 4],
      [11, 7, 3]
    ]
  }
]
